pattern(:, :, 1) = [0 0 1; 0 1 0; 0 0 0];
pattern(:, :, 2) = [1 0 0; 0 1 0; 0 0 0];
pattern(:, :, 3) = [0 0 0; 0 1 0; 1 0 0];
pattern(:, :, 4) = [0 0 0; 0 1 0; 0 0 1];

% Bond 2
pattern(:, :, 5) = [0 0 0; 0 1 1; 0 0 0];
pattern(:, :, 6) = [0 1 0; 0 1 0; 0 0 0];
pattern(:, :, 7) = [0 0 0; 1 1 0; 0 0 0];
pattern(:, :, 8) = [0 0 0; 0 1 0; 0 1 0];

% Bond 3
pattern(:, :, 9) = [0 0 1; 0 1 1; 0 0 0];
pattern(:, :, 10) = [0 1 1; 0 1 0; 0 0 0];
pattern(:, :, 11) = [1 1 0; 0 1 0; 0 0 0];
pattern(:, :, 12) = [1 0 0; 1 1 0; 0 0 0];
pattern(:, :, 13) = [0 0 0; 1 1 0; 1 0 0];
pattern(:, :, 14) = [0 0 0; 0 1 0; 1 1 0];
pattern(:, :, 15) = [0 0 0; 0 1 0; 0 1 1];
pattern(:, :, 16) = [0 0 0; 0 1 1; 0 0 1];

% Bond 4
pattern(:, :, 17) = [0 1 0; 0 1 1; 0 0 0];
pattern(:, :, 18) = [0 1 0; 1 1 0; 0 0 0];
pattern(:, :, 19) = [0 0 0; 1 1 0; 0 1 0];
pattern(:, :, 20) = [0 0 0; 0 1 1; 0 1 0];
pattern(:, :, 21) = [0 0 1; 0 1 1; 0 0 1];
pattern(:, :, 22) = [1 1 1; 0 1 0; 0 0 0];
pattern(:, :, 23) = [1 0 0; 1 1 0; 1 0 0];
pattern(:, :, 24) = [0 0 0; 0 1 0; 1 1 1];

% Bond 5
pattern(:, :, 25) = [1 1 0; 0 1 1; 0 0 0];
pattern(:, :, 26) = [0 1 0; 0 1 1; 0 0 1];
pattern(:, :, 27) = [0 1 1; 1 1 0; 0 0 0];
pattern(:, :, 28) = [0 0 1; 0 1 1; 0 1 0];
pattern(:, :, 29) = [0 1 1; 0 1 1; 0 0 0];
pattern(:, :, 30) = [1 1 0; 1 1 0; 0 0 0];
pattern(:, :, 31) = [0 0 0; 1 1 0; 1 1 0];
pattern(:, :, 32) = [0 0 0; 0 1 1; 0 1 1];

% Bond 6
pattern(:, :, 33) = [1 1 0; 0 1 1; 0 0 1];
pattern(:, :, 34) = [0 1 1; 1 1 0; 1 0 0];
pattern(:, :, 35) = [1 1 1; 0 1 1; 0 0 0];
pattern(:, :, 36) = [0 1 1; 0 1 1; 0 0 1];
pattern(:, :, 37) = [1 1 1; 1 1 0; 0 0 0];
pattern(:, :, 38) = [1 1 0; 1 1 0; 1 0 0];
pattern(:, :, 39) = [1 0 0; 1 1 0; 1 1 0];
pattern(:, :, 40) = [0 0 0; 1 1 0; 1 1 1];
pattern(:, :, 41) = [0 0 0; 0 1 1; 1 1 1];
pattern(:, :, 42) = [0 0 1; 0 1 1; 0 1 1];

% Bond 7
pattern(:, :, 43) = [1 1 1; 0 1 1; 0 0 1];
pattern(:, :, 44) = [1 1 1; 1 1 0; 1 0 0];
pattern(:, :, 45) = [1 0 0; 1 1 0; 1 1 1];
pattern(:, :, 46) = [0 0 1; 0 1 1; 1 1 1];

% Bond 8
pattern(:, :, 47) = [0 1 1; 0 1 1; 0 1 1];
pattern(:, :, 48) = [1 1 1; 1 1 1; 0 0 0];
pattern(:, :, 49) = [1 1 0; 1 1 0; 1 1 0];
pattern(:, :, 50) = [0 0 0; 1 1 1; 1 1 1];

% Bond 9
pattern(:, :, 51) = [1 1 1; 0 1 1; 0 1 1];
pattern(:, :, 52) = [0 1 1 ; 0 1 1; 1 1 1];
pattern(:, :, 53) = [1 1 1; 1 1 1; 1 0 0];
pattern(:, :, 54) = [1 1 1; 1 1 1; 0 0 1];
pattern(:, :, 55) = [1 1 1; 1 1 0; 1 1 0];
pattern(:, :, 56) = [1 1 0; 1 1 0; 1 1 1];
pattern(:, :, 57) = [1 0 0 ; 1 1 1; 1 1 1];
pattern(:, :, 58) = [0 0 1; 1 1 1; 1 1 1];

% Bond 10
pattern(:, :, 59) = [1 1 1; 0 1 1; 1 1 1]; 
pattern(:, :, 60) = [1 1 1; 1 1 1; 1 0 1];
pattern(:, :, 61) = [1 1 1; 1 1 0; 1 1 1];
pattern(:, :, 62) = [1 0 1; 1 1 1; 1 1 1];

% Bond 11
pattern(:, :, 63) = [1 1 1; 1 1 1; 0 1 1];
pattern(:, :, 64) = [1 1 1; 1 1 1; 1 1 0];
pattern(:, :, 65) = [1 1 0; 1 1 1; 1 1 1];
pattern(:, :, 66) = [0 1 1; 1 1 1; 1 1 1];

% Unconditional 
% Spur
pattern(:, :, 67) = [0 0 1; 0 1 0; 0 0 0];
pattern(:, :, 68) = [1 0 0; 0 1 0; 0 0 0];

% Single 4-Connection
pattern(:, :, 69) = [0 0 0; 0 1 0; 0 1 0];
pattern(:, :, 70) = [0 0 0; 0 1 1; 0 0 0];

% 4-Connected Offset
pattern(:, :, 71) = [0 1 1; 1 1 0; 0 0 0];
pattern(:, :, 72) = [1 1 0; 0 1 1; 0 0 0];
pattern(:, :, 73) = [0 1 0; 0 1 1; 0 0 1];
pattern(:, :, 74) = [0 0 1; 0 1 1; 0 1 0];

% Spur Corner Cluster
pattern(:, :, 75) = [0 1 1; 0 1 0; 1 0 0];
pattern(:, :, 76) = [1 0 0; 1 1 0; 0 0 1];
pattern(:, :, 77) = [0 0 1; 1 1 0; 1 0 0];
pattern(:, :, 78) = [1 0 0; 0 1 0; 0 1 1];
pattern(:, :, 79) = [0 0 1; 0 1 1; 1 0 0];
pattern(:, :, 80) = [1 1 0; 0 1 0; 0 0 1];
pattern(:, :, 81) = [0 0 1; 0 1 0; 1 1 0];
pattern(:, :, 82) = [1 0 0; 0 1 1; 0 0 1];
pattern(:, :, 83) = [0 1 1; 0 1 1; 1 0 0];
pattern(:, :, 84) = [1 1 0; 1 1 0; 0 0 1];
pattern(:, :, 85) = [0 0 1; 1 1 0; 1 1 0];
pattern(:, :, 86) = [1 0 0; 0 1 1; 0 1 1];

% Corner Cluster
pattern(:, :, 87) = [1 1 0; 1 1 0; 0 0 0];
pattern(:, :, 88) = [1 1 1; 1 1 1; 1 1 1];

% Tee Branch
pattern(:, :, 89) = [0 1 0; 1 1 1; 0 0 0];
pattern(:, :, 90) = [0 1 0; 1 1 1; 0 0 0];
pattern(:, :, 91) = [0 0 0; 1 1 1; 0 1 0];
pattern(:, :, 92) = [0 0 0; 1 1 1; 0 1 0];
pattern(:, :, 93) = [0 1 0; 1 1 0; 0 1 0];
pattern(:, :, 94) = [0 1 0; 1 1 0; 0 1 0];
pattern(:, :, 95) = [0 1 0; 0 1 1; 0 1 0];
pattern(:, :, 96) = [0 1 0; 0 1 1; 0 1 0];

pattern(:, :, 97) = [1 1 0; 1 1 1; 1 0 0];
pattern(:, :, 98) = [0 1 1; 1 1 1; 0 0 1];
pattern(:, :, 99) = [0 0 1; 1 1 1; 0 1 1];
pattern(:, :, 100) = [1 0 0; 1 1 1; 1 1 0];
pattern(:, :, 101) = [1 1 1; 1 1 0; 0 1 0];
pattern(:, :, 102) = [0 1 0; 1 1 0; 1 1 1];
pattern(:, :, 103) = [0 1 0; 0 1 1; 1 1 1];
pattern(:, :, 104) = [1 1 1; 0 1 1; 0 1 0];

% Vee Branch
pattern(:, :, 105) = [1 0 1; 0 1 0; 0 0 1];
pattern(:, :, 106) = [1 1 1; 1 1 1; 0 0 1];
pattern(:, :, 107) = [1 0 1; 0 1 0; 0 1 0];
pattern(:, :, 108) = [1 1 1; 1 1 1; 0 1 0];
pattern(:, :, 109) = [1 0 1; 0 1 0; 0 1 1];
pattern(:, :, 110) = [1 1 1; 1 1 1; 0 1 1];
pattern(:, :, 111) = [1 0 1; 0 1 0; 1 0 0];
pattern(:, :, 112) = [1 1 1; 1 1 1; 1 0 0];
pattern(:, :, 113) = [1 0 1; 0 1 0; 1 0 1];
pattern(:, :, 114) = [1 1 1; 1 1 1; 1 0 1];
pattern(:, :, 115) = [1 0 1; 0 1 0; 1 1 0];
pattern(:, :, 116) = [1 1 1; 1 1 1; 1 1 0];
pattern(:, :, 117) = [1 0 1; 0 1 0; 1 1 1];
pattern(:, :, 118) = [1 1 1; 1 1 1; 1 1 1]; 

pattern(:, :, 119) = [1 0 1; 0 1 0; 1 0 0];
pattern(:, :, 120) = [1 1 1; 1 1 0; 1 1 0];
pattern(:, :, 121) = [1 0 0; 0 1 1; 1 0 0];
pattern(:, :, 122) = [1 1 0; 1 1 1; 1 1 0];
pattern(:, :, 123) = [1 0 1; 0 1 1; 1 0 0];
pattern(:, :, 124) = [1 1 1; 1 1 1; 1 1 0];
pattern(:, :, 125) = [1 0 0; 0 1 0; 1 0 1];
pattern(:, :, 126) = [1 1 0; 1 1 0; 1 1 1];
pattern(:, :, 127) = [1 0 1; 0 1 0; 1 0 1];
pattern(:, :, 128) = [1 1 1; 1 1 0; 1 1 1];
pattern(:, :, 129) = [1 0 0; 0 1 1; 1 0 1];
pattern(:, :, 130) = [1 1 0; 1 1 1; 1 1 1];
pattern(:, :, 131) = [1 0 1; 0 1 1; 1 0 1];
pattern(:, :, 132) = [1 1 1; 1 1 1; 1 1 1]; 

pattern(:, :, 133) = [1 0 0; 0 1 0; 1 0 1];
pattern(:, :, 134) = [1 0 0; 1 1 1; 1 1 1];
pattern(:, :, 135) = [0 1 0; 0 1 0; 1 0 1];
pattern(:, :, 136) = [0 1 0; 1 1 1; 1 1 1];
pattern(:, :, 137) = [1 1 0; 0 1 0; 1 0 1];
pattern(:, :, 138) = [1 1 0; 1 1 1; 1 1 1];
pattern(:, :, 139) = [0 0 1; 0 1 0; 1 0 1];
pattern(:, :, 140) = [0 0 1; 1 1 1; 1 1 1];
pattern(:, :, 141) = [1 0 1; 0 1 0; 1 0 1];
pattern(:, :, 142) = [1 0 1; 1 1 1; 1 1 1];
pattern(:, :, 143) = [0 1 1; 0 1 0; 1 0 1];
pattern(:, :, 144) = [0 1 1; 1 1 1; 1 1 1];
pattern(:, :, 145) = [1 1 1; 0 1 0; 1 0 1];
pattern(:, :, 146) = [1 1 1; 1 1 1; 1 1 1];

pattern(:, :, 147) = [0 0 1; 0 1 0; 1 0 1];
pattern(:, :, 148) = [0 1 1; 0 1 1; 1 1 1];
pattern(:, :, 149) = [0 0 1; 1 1 0; 0 0 1];
pattern(:, :, 150) = [0 1 1; 1 1 1; 0 1 1];
pattern(:, :, 151) = [0 0 1; 1 1 0; 1 0 1];
pattern(:, :, 152) = [0 1 1; 1 1 1; 1 1 1];
pattern(:, :, 153) = [1 0 1; 0 1 0; 0 0 1];
pattern(:, :, 154) = [1 1 1; 0 1 1; 0 1 1];
pattern(:, :, 155) = [1 0 1; 0 1 0; 1 0 1];
pattern(:, :, 156) = [1 1 1; 0 1 1; 1 1 1];
pattern(:, :, 157) = [1 0 1; 1 1 0; 0 0 1];
pattern(:, :, 158) = [1 1 1; 1 1 1; 0 1 1];
pattern(:, :, 159) = [1 0 1; 1 1 0; 1 0 1];
pattern(:, :, 160) = [1 1 1; 1 1 1; 1 1 1];
    

% Diagonal Branch
pattern(:, :, 161) = [0 1 0; 0 1 1; 1 0 0];
pattern(:, :, 162) = [0 1 0; 1 1 0; 0 0 1];
pattern(:, :, 163) = [0 0 1; 1 1 0; 0 1 0];
pattern(:, :, 164) = [1 0 0; 0 1 1; 0 1 0];
pattern(:, :, 165) = [1 1 0; 0 1 1; 1 0 1];
pattern(:, :, 166) = [0 1 1; 1 1 0; 1 0 1];
pattern(:, :, 167) = [1 0 1; 1 1 0; 0 1 1];
pattern(:, :, 168) = [1 0 1; 0 1 1; 1 1 0];

% L Cluster (thinning)
pattern(:, :, 169) = [0 0 1; 0 1 1; 0 0 0];
pattern(:, :, 170) = [0 1 1; 0 1 0; 0 0 0];
pattern(:, :, 171) = [1 1 0; 0 1 0; 0 0 0];
pattern(:, :, 172) = [1 0 0; 1 1 0; 0 0 0];
pattern(:, :, 173) = [0 0 0; 1 1 0; 1 0 0];
pattern(:, :, 174) = [0 0 0; 0 1 0; 1 1 0];
pattern(:, :, 175) = [0 0 0; 0 1 0; 0 1 1];
pattern(:, :, 176) = [0 0 0; 0 1 1; 0 0 1];

% Skeletonize
% Spur
